Rectangle 190 370 100 20 000000 F2DDB8
Rectangle 310 370 100 20 000000 F2DDB8
Rectangle 275 500 15 90 000000 F2DDB8
Rectangle 310 500 15 90 000000 F2DDB8
Triangle 300 325 230 500 370 500 000000 00AAFF
Circle 300 300 40 000000 F2DDB8
Circle 285 290 3 000000 0000FF
Circle 315 290 3 000000 0000FF
Line 300 300 300 310 FF0000
Line 280 320 290 325 FF0000
Line 320 320 310 325 FF0000
Line 290 325 310 325 FF0000
Line 410 380 350 200 000000
Triangle 300 260 270 240 270 280 000000 FF0000
Triangle 300 260 330 240 330 280 000000 FF0000
Circle 350 200 50 000000 0000FF
